 57
 29
 69
 88
 17
 25
 10
 81
  1
 48
 42
 61
 24
 37
 64
 47
 35
 85
 91
 54
 32
 71
 89
 95
 27
 76
 58
 93
 22
 44
 26
 18
 74
 63
 68
 45
 86
 15
  9
 65
 70
 23
 49
 92
 60
 66
 97
 52
 55
 11
 51
 94
 12
 56
  2
 33
  3
 21
 62
100
 14
  5
 79
 30
 41
 40
 78
 90
 50
 73
 83
 38
 31
  6
 39
 43
 77
  8
 13
 87
 96
 36
 16
  4
 99
 19
 84
 28
 75
 53
 72
 20
  7
 80
 67
 34
 98
 59
 82
 46
  29
 19
  2
 23
 39
 24
 85
 67
  5
 21
 55
 76
100
 20
 94
 82
 31
 50
 99
  9
 51
 96
 56
 58
 68
 42
 53
 15
 83
 44
 32
 38
 90
  6
 46
 59
 30
 69
 16
 18
 71
 52
 60
 78
  7
 43
 87
 89
 95
 73
 41
 37
  8
 61
 66
 54
 11
 74
 12
 34
 77
 22
 45
 26
 97
 13
 49
 19
 36
 99
 93
 64
 72
 35
 98
 40
 81
 75
 27
 91
 65
 48
 14
 62
 57
  1
 63
 88
 25
  3
 84
 79
  4
 80
 10
 28
 47
 33
 86
 70
   9
 22
 99
 29
 56
 51
 39
 72
 48
 27
 42
 38
 76
 83
 44
 79
 91
 94
 55
 86
 84
 40
 45
 73
 28
 33
 21
 67
 26
  5
 43
 47
 64
 37
 75
 85
 34
 71
 35
 70
 53
 80
 60
 95
 20
 81
 11
 41
 12
 65
  6
  7
  8
 16
 89
 31
 77
  3
 78
 87
 15
 25
 62
 46
 93
 32
 17
 58
 96
 74
 66
 30
 97
 23
 63
 49
 57
 13
 90
 98
 69
100
  4
 18
 61
  1
 82
 14
 92
 50
  2
 19
 52
 54
 24
 10
 36
 88
 59
 68 
 58
 49
 36
 99
 21
 78
 75
 47
 50
  5
 52
 92
 62
 17
 86
 45
 27
 98
 10
 65
  7
 87
 66
  6
 77
 94
 32
 90
 23
 24
 60
 67
 85
 15
 72
 96
 63
 84
 56
 57
 71
  2
 76
 25
 13
 46
 88
 40
 53
 54
 14
  4
 73
 59
 28
 42
 97
 39
 83
 70
 81
 18
 89
 64
 38
 48
 41
 82
 16
  8
 61
 30
 80
 91
 44
  1
 11
 68
 19
 93
 74
 34
 33
 95
 51
 12
  3
 31
 79
 55
 26
 20
100
 29
 22
 35
 37
 43
  9
 69